    8     1.00000000     0.99926094     0.99854690     1.99709063     0.02374577     1.00002452
    8     1.00000000     0.99927813     0.99858143     1.99717750     0.02321014     1.00002469
    8     1.00000000     0.99925344     0.99853272     1.99707375     0.02413697     1.00002533
    8     1.00000000     0.99931187     0.99864715     1.99729375     0.02214128     1.00002296
    8     1.00000000     0.99925375     0.99853326     1.99706812     0.02418236     1.00002524
    8     1.00000000     0.99925562     0.99853666     1.99706625     0.02420916     1.00002489
    8     1.00000000     0.99930688     0.99863770     1.99728188     0.02238965     1.00002350
    8     1.00000000     0.99929281     0.99860997     1.99722687     0.02275033     1.00002388
    8     1.00000000     0.99926344     0.99855251     1.99710437     0.02400588     1.00002513
    8     1.00000000     0.99924687     0.99851953     1.99703563     0.02447510     1.00002525
    8     1.20000000     0.99704406     0.99420646     1.98864000     0.06713252     1.00011024
    8     1.20000000     0.99690656     0.99394095     1.98820313     0.07012907     1.00011899
    8     1.20000000     0.99705844     0.99423360     1.98870500     0.06643060     1.00010871
    8     1.20000000     0.99705500     0.99422855     1.98870437     0.06683102     1.00011053
    8     1.20000000     0.99701438     0.99414740     1.98852875     0.06764463     1.00011040
    8     1.20000000     0.99701187     0.99414170     1.98849500     0.06763447     1.00010967
    8     1.20000000     0.99701281     0.99414581     1.98855625     0.06708930     1.00011193
    8     1.20000000     0.99700500     0.99413047     1.98852750     0.06748363     1.00011217
    8     1.20000000     0.99705406     0.99422519     1.98868438     0.06653314     1.00010902
    8     1.20000000     0.99687219     0.99387013     1.98803750     0.07044897     1.00011670
    8     1.40000000     0.99155375     0.98353428     1.96857250     0.14233826     1.00036152
    8     1.40000000     0.99130125     0.98305926     1.96791937     0.14582441     1.00038781
    8     1.40000000     0.99135531     0.98315007     1.96798937     0.14374641     1.00037110
    8     1.40000000     0.99150781     0.98345253     1.96851625     0.14378648     1.00037106
    8     1.40000000     0.99144531     0.98333315     1.96834812     0.14181105     1.00037575
    8     1.40000000     0.99133969     0.98311771     1.96787438     0.14371221     1.00036970
    8     1.40000000     0.99138563     0.98321557     1.96814313     0.14472522     1.00037657
    8     1.40000000     0.99125312     0.98296320     1.96768625     0.14610846     1.00038719
    8     1.40000000     0.99147562     0.98338223     1.96833938     0.14175215     1.00036450
    8     1.40000000     0.99124156     0.98293954     1.96761625     0.14704986     1.00038645
    8     1.60000000     0.97961875     0.96074898     1.92819688     0.26434704     1.00114217
    8     1.60000000     0.97919469     0.95993753     1.92707187     0.26951475     1.00116319
    8     1.60000000     0.97975031     0.96097376     1.92875375     0.25931219     1.00110748
    8     1.60000000     0.97994969     0.96137003     1.92924937     0.26395345     1.00111282
    8     1.60000000     0.97987781     0.96121720     1.92916875     0.25676671     1.00110051
    8     1.60000000     0.97940406     0.96043552     1.92799000     0.26719212     1.00125434
    8     1.60000000     0.97978250     0.96100729     1.92867813     0.25868229     1.00107663
    8     1.60000000     0.97996562     0.96133221     1.92896250     0.25497465     1.00104087
    8     1.60000000     0.97952781     0.96057206     1.92819500     0.26433933     1.00114367
    8     1.60000000     0.97925469     0.96005927     1.92713500     0.26824190     1.00116746
    8     1.80000000     0.95750406     0.91981776     1.86054312     0.43257914     1.00327627
    8     1.80000000     0.95590219     0.91727353     1.85762937     0.45368093     1.00385722
    8     1.80000000     0.95645875     0.91806236     1.85851312     0.44038463     1.00355157
    8     1.80000000     0.95734000     0.91964811     1.86055625     0.43729111     1.00343506
    8     1.80000000     0.95710281     0.91919821     1.86029438     0.43717813     1.00344133
    8     1.80000000     0.95650531     0.91822767     1.85862313     0.44501931     1.00363454
    8     1.80000000     0.95706187     0.91897766     1.85935875     0.43257330     1.00328639
    8     1.80000000     0.95706406     0.91902978     1.85960875     0.43047963     1.00333870
    8     1.80000000     0.95674969     0.91851231     1.85894687     0.44187948     1.00343287
    8     1.80000000     0.95509656     0.91604032     1.85609000     0.46186091     1.00419956
    8     2.00000000     0.91306469     0.84338540     1.74726750     0.68535679     1.01163299
    8     2.00000000     0.91100031     0.84088106     1.74473500     0.71430773     1.01320546
    8     2.00000000     0.91182281     0.84229560     1.74596750     0.70660482     1.01307972
    8     2.00000000     0.90946656     0.83910175     1.74341750     0.73307423     1.01447454
    8     2.00000000     0.90869312     0.83809090     1.74206813     0.74729274     1.01497803
    8     2.00000000     0.91126125     0.84119750     1.74553312     0.71550138     1.01300635
    8     2.00000000     0.91186594     0.84249567     1.74746687     0.71289921     1.01322453
    8     2.00000000     0.91215094     0.84232376     1.74583563     0.70135565     1.01238484
    8     2.00000000     0.91198656     0.84236999     1.74646063     0.70266019     1.01280540
    8     2.00000000     0.91181031     0.84204095     1.74557063     0.70625297     1.01280121
    8     2.10000000     0.87532438     0.78526873     1.66817750     0.87462245     1.02489709
    8     2.10000000     0.86943406     0.77795329     1.66076187     0.92315242     1.02915365
    8     2.10000000     0.87186656     0.78065774     1.66367625     0.88958854     1.02697679
    8     2.10000000     0.87277187     0.78240209     1.66659250     0.89837281     1.02713734
    8     2.10000000     0.87041375     0.77805855     1.66078437     0.90575150     1.02697719
    8     2.10000000     0.87451719     0.78402948     1.66732875     0.87811672     1.02516954
    8     2.10000000     0.87677812     0.78592000     1.66797125     0.85827714     1.02234842
    8     2.10000000     0.87320750     0.78266986     1.66582125     0.89599139     1.02646394
    8     2.10000000     0.87408281     0.78389079     1.66714250     0.88843688     1.02600718
    8     2.10000000     0.87300531     0.78208364     1.66486125     0.89521523     1.02617027
    8     2.20000000     0.82232906     0.70871821     1.56931875     1.05536143     1.04805075
    8     2.20000000     0.81745719     0.70199423     1.56246438     1.06574430     1.05051802
    8     2.20000000     0.81977656     0.70565167     1.56699125     1.06407625     1.05002437
    8     2.20000000     0.82099219     0.70722519     1.56839313     1.06615080     1.04925167
    8     2.20000000     0.81513156     0.69930640     1.55960000     1.09306131     1.05247571
    8     2.20000000     0.82343188     0.70950289     1.56979563     1.05640930     1.04640262
    8     2.20000000     0.82371344     0.70942751     1.57034000     1.03678021     1.04557628
    8     2.20000000     0.82018844     0.70594970     1.56606500     1.07638360     1.04941308
    8     2.20000000     0.82380625     0.71028598     1.57115750     1.04802026     1.04660565
    8     2.20000000     0.82369031     0.71035015     1.57131812     1.05627291     1.04699488
    8     2.30000000     0.75393250     0.61707791     1.45410438     1.18683315     1.08561309
    8     2.30000000     0.75203312     0.61397551     1.45140000     1.17553205     1.08561818
    8     2.30000000     0.75119781     0.61357979     1.45176500     1.18907687     1.08733263
    8     2.30000000     0.75747219     0.62155206     1.45968500     1.17161642     1.08328849
    8     2.30000000     0.74987094     0.61148110     1.44858500     1.19230451     1.08745175
    8     2.30000000     0.75885406     0.62146499     1.45832688     1.16428676     1.07919554
    8     2.30000000     0.75190625     0.61391566     1.45244813     1.18360528     1.08587873
    8     2.30000000     0.75103781     0.61351946     1.45173375     1.19244208     1.08768901
    8     2.30000000     0.75909125     0.62257422     1.45989937     1.16494360     1.08044624
    8     2.30000000     0.75997000     0.62333504     1.46115562     1.15590810     1.07926637
    8     2.40000000     0.68414562     0.52792740     1.34057625     1.18540371     1.12791688
    8     2.40000000     0.68348344     0.52663396     1.34043938     1.17684784     1.12733468
    8     2.40000000     0.68066969     0.52348839     1.33764562     1.17405384     1.12988497
    8     2.40000000     0.68367875     0.52854213     1.34415438     1.19085582     1.13077304
    8     2.40000000     0.67898469     0.52176720     1.33643313     1.19247199     1.13176644
    8     2.40000000     0.68262156     0.52558370     1.33953250     1.17700462     1.12792931
    8     2.40000000     0.68018687     0.52329025     1.33830125     1.18181509     1.13106132
    8     2.40000000     0.67378906     0.51681522     1.33163563     1.20057682     1.13838034
    8     2.40000000     0.68501719     0.52817575     1.34207563     1.16940461     1.12557781
    8     2.40000000     0.68169844     0.52503716     1.33911625     1.19171976     1.12981008
    8     2.60000000     0.53354687     0.35453418     1.11847500     0.97423893     1.24541172
    8     2.60000000     0.53220781     0.35295022     1.11951938     0.95320860     1.24609448
    8     2.60000000     0.53184844     0.35310669     1.11921937     0.95856641     1.24833219
    8     2.60000000     0.52985437     0.35138838     1.11938937     0.97150856     1.25162533
    8     2.60000000     0.52882312     0.35000762     1.11666313     0.96187046     1.25157425
    8     2.60000000     0.53524187     0.35517963     1.12125000     0.95473817     1.23978930
    8     2.60000000     0.52792625     0.34859869     1.11522437     0.95283676     1.25077513
    8     2.60000000     0.53254813     0.35322486     1.11881500     0.95965928     1.24547079
    8     2.60000000     0.53162000     0.35232770     1.11938812     0.95849067     1.24664891
    8     2.60000000     0.53455750     0.35651041     1.12282562     0.97448889     1.24762297
    8     2.80000000     0.42087562     0.23875363     0.95549187     0.67560143     1.34785272
    8     2.80000000     0.42638156     0.24365978     0.96258813     0.68114413     1.34025367
    8     2.80000000     0.41540875     0.23379969     0.95072125     0.67073759     1.35485446
    8     2.80000000     0.41978969     0.23828671     0.95701187     0.67892243     1.35218554
    8     2.80000000     0.41696000     0.23570762     0.95443250     0.67265633     1.35576628
    8     2.80000000     0.41630969     0.23439185     0.95187250     0.66392278     1.35241340
    8     2.80000000     0.41582125     0.23414920     0.95219750     0.66905803     1.35418911
    8     2.80000000     0.42426687     0.24187383     0.95878562     0.68184063     1.34372571
    8     2.80000000     0.41765812     0.23576703     0.95498375     0.66990515     1.35157829
    8     2.80000000     0.42484563     0.24291639     0.95915125     0.68875807     1.34584335
    8     3.00000000     0.34469437     0.16877664     0.83989938     0.47711345     1.42050886
    8     3.00000000     0.34344250     0.16852201     0.84003000     0.48722437     1.42872473
    8     3.00000000     0.34684938     0.17084605     0.84172437     0.48480916     1.42011371
    8     3.00000000     0.35012781     0.17379972     0.84603938     0.49167551     1.41773755
    8     3.00000000     0.34435000     0.16905984     0.84154125     0.48236975     1.42573985
    8     3.00000000     0.34806219     0.17176003     0.84131750     0.48322348     1.41777859
    8     3.00000000     0.34172844     0.16678890     0.83861688     0.47547263     1.42825217
    8     3.00000000     0.34676187     0.17056785     0.84179313     0.47669444     1.41851683
    8     3.00000000     0.34388062     0.16826168     0.84078688     0.47685479     1.42288501
    8     3.00000000     0.35210562     0.17500387     0.84484187     0.49325986     1.41156772
    8     4.00000000     0.20948969     0.06738874     0.55961187     0.17447085     1.53554320
    8     4.00000000     0.20944688     0.06727395     0.55977813     0.17543115     1.53355419
    8     4.00000000     0.20880750     0.06683213     0.55712250     0.17483527     1.53282688
    8     4.00000000     0.20984344     0.06718175     0.55788812     0.17428820     1.52566968
    8     4.00000000     0.20812250     0.06666176     0.55947250     0.17408365     1.53900026
    8     4.00000000     0.20674500     0.06556436     0.55700688     0.17167258     1.53390254
    8     4.00000000     0.20711656     0.06579425     0.55692188     0.17215632     1.53376304
    8     4.00000000     0.20835719     0.06648468     0.55769187     0.17321643     1.53145625
    8     4.00000000     0.20984750     0.06741008     0.55907625     0.17462061     1.53079569
    8     4.00000000     0.20846438     0.06650107     0.55891500     0.17489640     1.53025908
    8     5.00000000     0.17008937     0.04500611     0.42989813     0.09784036     1.55566879
    8     5.00000000     0.16961875     0.04472406     0.42842375     0.09817691     1.55451003
    8     5.00000000     0.17069313     0.04503506     0.42757750     0.09870435     1.54567675
    8     5.00000000     0.17006437     0.04473027     0.42818125     0.09723469     1.54658879
    8     5.00000000     0.16935781     0.04454962     0.42988375     0.09754270     1.55322197
    8     5.00000000     0.16876531     0.04439142     0.42774000     0.09812134     1.55859265
    8     5.00000000     0.16895906     0.04435546     0.42787000     0.09673539     1.55376057
    8     5.00000000     0.16928750     0.04451951     0.42752687     0.09730947     1.55346191
    8     5.00000000     0.16981562     0.04476195     0.42931250     0.09792819     1.55222164
    8     5.00000000     0.16998281     0.04489335     0.42853687     0.09906784     1.55371726
