   8.0000000000000004E-004  -1.8380000000000001E-002   11.434421535600000     
   1.6700000000000000E-003  -6.5300000000000002E-003   11.462414570200000     
   4.6899999999999997E-003  -1.1370000000000000E-002   11.435708727000002     
  -9.5099999999999994E-003   1.2409999999999999E-002   11.446095551799999     
   2.5699999999999998E-003   9.6500000000000006E-003   11.417360272600000     
   4.2900000000000004E-003  -4.6499999999999996E-003   11.426459973400000     
   7.1599999999999997E-003   7.3200000000000001E-003   11.430695152000000     
   4.9500000000000004E-003  -1.2670000000000001E-002   11.431114968599999     
  -5.7299999999999999E-003  -5.4700000000000000E-003   11.419317246199999     
  -3.3100000000000000E-003   8.0499999999999999E-003   11.404304241400002     
